{
 "cells": [
  {
   "cell_type": "code",
   "execution_count": 757,
   "id": "552c9f4f-2d34-4e8a-ab05-7adc16c964b6",
   "metadata": {},
   "outputs": [],
   "source": [
    "import pandas as pd\n",
    "import numpy as np\n",
    "from scipy import stats\n",
    "from utils import generate_data\n",
    "import matplotlib.pyplot as plt\n",
    "import statsmodels.api as sm\n",
    "from statsmodels.base.model import GenericLikelihoodModel\n",
    "plt.rcParams[\"figure.figsize\"] = (12,6)\n",
    "import warnings\n",
    "from timeit import default_timer as timer"
   ]
  },
  {
   "cell_type": "code",
   "execution_count": 1004,
   "id": "dbdb0a23-deda-4aef-8c8e-1a013baf5b0d",
   "metadata": {},
   "outputs": [],
   "source": [
    "data = generate_data()"
   ]
  },
  {
   "cell_type": "code",
   "execution_count": 1005,
   "id": "056b6b86-fb1e-4aac-ad31-7c0cceceef0b",
   "metadata": {},
   "outputs": [
    {
     "data": {
      "text/html": [
       "<div>\n",
       "<style scoped>\n",
       "    .dataframe tbody tr th:only-of-type {\n",
       "        vertical-align: middle;\n",
       "    }\n",
       "\n",
       "    .dataframe tbody tr th {\n",
       "        vertical-align: top;\n",
       "    }\n",
       "\n",
       "    .dataframe thead th {\n",
       "        text-align: right;\n",
       "    }\n",
       "</style>\n",
       "<table border=\"1\" class=\"dataframe\">\n",
       "  <thead>\n",
       "    <tr style=\"text-align: right;\">\n",
       "      <th></th>\n",
       "      <th>intercept</th>\n",
       "      <th>days_since_start</th>\n",
       "      <th>days_since_start_squared</th>\n",
       "      <th>day_of_week_1</th>\n",
       "      <th>day_of_week_2</th>\n",
       "      <th>day_of_week_3</th>\n",
       "      <th>day_of_week_4</th>\n",
       "      <th>day_of_week_5</th>\n",
       "      <th>day_of_week_6</th>\n",
       "      <th>seasonality_cos</th>\n",
       "      <th>seasonality_sin</th>\n",
       "    </tr>\n",
       "  </thead>\n",
       "  <tbody>\n",
       "    <tr>\n",
       "      <th>0</th>\n",
       "      <td>1.0</td>\n",
       "      <td>-1.729679</td>\n",
       "      <td>2.228932</td>\n",
       "      <td>0</td>\n",
       "      <td>0</td>\n",
       "      <td>0</td>\n",
       "      <td>0</td>\n",
       "      <td>0</td>\n",
       "      <td>1</td>\n",
       "      <td>0.999852</td>\n",
       "      <td>0.017213</td>\n",
       "    </tr>\n",
       "    <tr>\n",
       "      <th>1</th>\n",
       "      <td>1.0</td>\n",
       "      <td>-1.726517</td>\n",
       "      <td>2.216707</td>\n",
       "      <td>0</td>\n",
       "      <td>0</td>\n",
       "      <td>0</td>\n",
       "      <td>0</td>\n",
       "      <td>0</td>\n",
       "      <td>0</td>\n",
       "      <td>0.999407</td>\n",
       "      <td>0.034422</td>\n",
       "    </tr>\n",
       "    <tr>\n",
       "      <th>2</th>\n",
       "      <td>1.0</td>\n",
       "      <td>-1.723355</td>\n",
       "      <td>2.204505</td>\n",
       "      <td>1</td>\n",
       "      <td>0</td>\n",
       "      <td>0</td>\n",
       "      <td>0</td>\n",
       "      <td>0</td>\n",
       "      <td>0</td>\n",
       "      <td>0.998667</td>\n",
       "      <td>0.051620</td>\n",
       "    </tr>\n",
       "    <tr>\n",
       "      <th>3</th>\n",
       "      <td>1.0</td>\n",
       "      <td>-1.720193</td>\n",
       "      <td>2.192325</td>\n",
       "      <td>0</td>\n",
       "      <td>1</td>\n",
       "      <td>0</td>\n",
       "      <td>0</td>\n",
       "      <td>0</td>\n",
       "      <td>0</td>\n",
       "      <td>0.997630</td>\n",
       "      <td>0.068802</td>\n",
       "    </tr>\n",
       "    <tr>\n",
       "      <th>4</th>\n",
       "      <td>1.0</td>\n",
       "      <td>-1.717031</td>\n",
       "      <td>2.180168</td>\n",
       "      <td>0</td>\n",
       "      <td>0</td>\n",
       "      <td>1</td>\n",
       "      <td>0</td>\n",
       "      <td>0</td>\n",
       "      <td>0</td>\n",
       "      <td>0.996298</td>\n",
       "      <td>0.085965</td>\n",
       "    </tr>\n",
       "  </tbody>\n",
       "</table>\n",
       "</div>"
      ],
      "text/plain": [
       "   intercept  days_since_start  days_since_start_squared  day_of_week_1  \\\n",
       "0        1.0         -1.729679                  2.228932              0   \n",
       "1        1.0         -1.726517                  2.216707              0   \n",
       "2        1.0         -1.723355                  2.204505              1   \n",
       "3        1.0         -1.720193                  2.192325              0   \n",
       "4        1.0         -1.717031                  2.180168              0   \n",
       "\n",
       "   day_of_week_2  day_of_week_3  day_of_week_4  day_of_week_5  day_of_week_6  \\\n",
       "0              0              0              0              0              1   \n",
       "1              0              0              0              0              0   \n",
       "2              0              0              0              0              0   \n",
       "3              1              0              0              0              0   \n",
       "4              0              1              0              0              0   \n",
       "\n",
       "   seasonality_cos  seasonality_sin  \n",
       "0         0.999852         0.017213  \n",
       "1         0.999407         0.034422  \n",
       "2         0.998667         0.051620  \n",
       "3         0.997630         0.068802  \n",
       "4         0.996298         0.085965  "
      ]
     },
     "execution_count": 1005,
     "metadata": {},
     "output_type": "execute_result"
    }
   ],
   "source": [
    "data.x_df.head()\n",
    "# days since start is z normalized"
   ]
  },
  {
   "cell_type": "code",
   "execution_count": 1006,
   "id": "7aa5b237-d566-4781-a50b-a2ab861348dc",
   "metadata": {},
   "outputs": [
    {
     "name": "stdout",
     "output_type": "stream",
     "text": [
      "Optimization terminated successfully.\n",
      "         Current function value: 6.033271\n",
      "         Iterations: 8\n",
      "         Function evaluations: 8\n",
      "         Gradient evaluations: 8\n",
      "         Hessian evaluations: 8\n"
     ]
    }
   ],
   "source": [
    "gpois_mdl = sm.GeneralizedPoisson(data.y, data.x_df)\n",
    "gpois_res = gpois_mdl.fit(method=\"ncg\")"
   ]
  },
  {
   "cell_type": "code",
   "execution_count": 1007,
   "id": "71316fd4-27e3-49c3-ba2f-7cc22c217c65",
   "metadata": {},
   "outputs": [
    {
     "data": {
      "text/plain": [
       "intercept                   5.230094\n",
       "days_since_start            0.344392\n",
       "days_since_start_squared   -0.140781\n",
       "day_of_week_1               0.264007\n",
       "day_of_week_2               0.278536\n",
       "day_of_week_3               0.312065\n",
       "day_of_week_4               0.299049\n",
       "day_of_week_5               0.207650\n",
       "day_of_week_6               0.036174\n",
       "seasonality_cos             0.116133\n",
       "seasonality_sin            -0.074277\n",
       "alpha                       7.215118\n",
       "dtype: float64"
      ]
     },
     "execution_count": 1007,
     "metadata": {},
     "output_type": "execute_result"
    }
   ],
   "source": [
    "gpois_res.params"
   ]
  },
  {
   "cell_type": "code",
   "execution_count": 1008,
   "id": "327af9b7-9a64-4f5f-9a67-62186824d106",
   "metadata": {},
   "outputs": [
    {
     "name": "stdout",
     "output_type": "stream",
     "text": [
      "                       Results: GeneralizedPoisson\n",
      "=========================================================================\n",
      "Model:                 GeneralizedPoisson  Pseudo R-squared:  0.049      \n",
      "Dependent Variable:    y                   AIC:               13236.8638 \n",
      "Date:                  2022-04-03 16:11    BIC:               13296.8459 \n",
      "No. Observations:      1095                Log-Likelihood:    -6606.4    \n",
      "Df Model:              10                  LL-Null:           -6949.3    \n",
      "Df Residuals:          1084                LLR p-value:       7.2941e-141\n",
      "Converged:             1.0000              Scale:             1.0000     \n",
      "-------------------------------------------------------------------------\n",
      "                          Coef.  Std.Err.    z     P>|z|   [0.025  0.975]\n",
      "-------------------------------------------------------------------------\n",
      "intercept                 5.2301   0.0394 132.6859 0.0000  5.1528  5.3073\n",
      "days_since_start          0.3444   0.0149  23.0699 0.0000  0.3151  0.3737\n",
      "days_since_start_squared -0.1408   0.0140 -10.0329 0.0000 -0.1683 -0.1133\n",
      "day_of_week_1             0.2640   0.0512   5.1533 0.0000  0.1636  0.3644\n",
      "day_of_week_2             0.2785   0.0514   5.4241 0.0000  0.1779  0.3792\n",
      "day_of_week_3             0.3121   0.0510   6.1188 0.0000  0.2121  0.4120\n",
      "day_of_week_4             0.2990   0.0512   5.8375 0.0000  0.1986  0.3995\n",
      "day_of_week_5             0.2077   0.0517   4.0130 0.0001  0.1062  0.3091\n",
      "day_of_week_6             0.0362   0.0530   0.6826 0.4949 -0.0677  0.1400\n",
      "seasonality_cos           0.1161   0.0190   6.1209 0.0000  0.0789  0.1533\n",
      "seasonality_sin          -0.0743   0.0196  -3.7910 0.0002 -0.1127 -0.0359\n",
      "alpha                     7.2151   0.2170  33.2426 0.0000  6.7897  7.6405\n",
      "=========================================================================\n",
      "\n"
     ]
    }
   ],
   "source": [
    "print(gpois_res.summary2())"
   ]
  },
  {
   "cell_type": "code",
   "execution_count": 1009,
   "id": "1ade14fa-1175-4ab9-9bbb-0bdf3e029ac7",
   "metadata": {},
   "outputs": [
    {
     "data": {
      "text/html": [
       "<table class=\"simpletable\">\n",
       "<caption>GeneralizedPoisson Marginal Effects</caption>\n",
       "<tr>\n",
       "  <th>Dep. Variable:</th>    <td>y</td>   \n",
       "</tr>\n",
       "<tr>\n",
       "  <th>Method:</th>         <td>dydx</td>  \n",
       "</tr>\n",
       "<tr>\n",
       "  <th>At:</th>            <td>overall</td>\n",
       "</tr>\n",
       "</table>\n",
       "<table class=\"simpletable\">\n",
       "<tr>\n",
       "              <th></th>                <th>dy/dx</th>    <th>std err</th>      <th>z</th>      <th>P>|z|</th>  <th>[0.025</th>    <th>0.975]</th>  \n",
       "</tr>\n",
       "<tr>\n",
       "  <th>days_since_start</th>         <td>   84.7227</td> <td>    3.910</td> <td>   21.670</td> <td> 0.000</td> <td>   77.060</td> <td>   92.385</td>\n",
       "</tr>\n",
       "<tr>\n",
       "  <th>days_since_start_squared</th> <td>  -34.6330</td> <td>    3.495</td> <td>   -9.909</td> <td> 0.000</td> <td>  -41.483</td> <td>  -27.783</td>\n",
       "</tr>\n",
       "<tr>\n",
       "  <th>day_of_week_1</th>            <td>   64.9475</td> <td>   12.645</td> <td>    5.136</td> <td> 0.000</td> <td>   40.164</td> <td>   89.731</td>\n",
       "</tr>\n",
       "<tr>\n",
       "  <th>day_of_week_2</th>            <td>   68.5216</td> <td>   12.679</td> <td>    5.404</td> <td> 0.000</td> <td>   43.671</td> <td>   93.372</td>\n",
       "</tr>\n",
       "<tr>\n",
       "  <th>day_of_week_3</th>            <td>   76.7701</td> <td>   12.605</td> <td>    6.090</td> <td> 0.000</td> <td>   52.064</td> <td>  101.476</td>\n",
       "</tr>\n",
       "<tr>\n",
       "  <th>day_of_week_4</th>            <td>   73.5680</td> <td>   12.656</td> <td>    5.813</td> <td> 0.000</td> <td>   48.762</td> <td>   98.374</td>\n",
       "</tr>\n",
       "<tr>\n",
       "  <th>day_of_week_5</th>            <td>   51.0833</td> <td>   12.755</td> <td>    4.005</td> <td> 0.000</td> <td>   26.083</td> <td>   76.083</td>\n",
       "</tr>\n",
       "<tr>\n",
       "  <th>day_of_week_6</th>            <td>    8.8990</td> <td>   13.039</td> <td>    0.683</td> <td> 0.495</td> <td>  -16.656</td> <td>   34.454</td>\n",
       "</tr>\n",
       "<tr>\n",
       "  <th>seasonality_cos</th>          <td>   28.5694</td> <td>    4.689</td> <td>    6.092</td> <td> 0.000</td> <td>   19.378</td> <td>   37.760</td>\n",
       "</tr>\n",
       "<tr>\n",
       "  <th>seasonality_sin</th>          <td>  -18.2726</td> <td>    4.829</td> <td>   -3.784</td> <td> 0.000</td> <td>  -27.737</td> <td>   -8.809</td>\n",
       "</tr>\n",
       "</table>"
      ],
      "text/plain": [
       "<class 'statsmodels.iolib.summary.Summary'>\n",
       "\"\"\"\n",
       " GeneralizedPoisson Marginal Effects \n",
       "=====================================\n",
       "Dep. Variable:                      y\n",
       "Method:                          dydx\n",
       "At:                           overall\n",
       "============================================================================================\n",
       "                              dy/dx    std err          z      P>|z|      [0.025      0.975]\n",
       "--------------------------------------------------------------------------------------------\n",
       "days_since_start            84.7227      3.910     21.670      0.000      77.060      92.385\n",
       "days_since_start_squared   -34.6330      3.495     -9.909      0.000     -41.483     -27.783\n",
       "day_of_week_1               64.9475     12.645      5.136      0.000      40.164      89.731\n",
       "day_of_week_2               68.5216     12.679      5.404      0.000      43.671      93.372\n",
       "day_of_week_3               76.7701     12.605      6.090      0.000      52.064     101.476\n",
       "day_of_week_4               73.5680     12.656      5.813      0.000      48.762      98.374\n",
       "day_of_week_5               51.0833     12.755      4.005      0.000      26.083      76.083\n",
       "day_of_week_6                8.8990     13.039      0.683      0.495     -16.656      34.454\n",
       "seasonality_cos             28.5694      4.689      6.092      0.000      19.378      37.760\n",
       "seasonality_sin            -18.2726      4.829     -3.784      0.000     -27.737      -8.809\n",
       "============================================================================================\n",
       "\"\"\""
      ]
     },
     "execution_count": 1009,
     "metadata": {},
     "output_type": "execute_result"
    }
   ],
   "source": [
    "# Marginal effects\n",
    "me = gpois_res.get_margeff(method='dydx')\n",
    "me.summary()"
   ]
  },
  {
   "cell_type": "markdown",
   "id": "f575101f-9321-4dbb-87ca-480d3ddabfd6",
   "metadata": {
    "tags": []
   },
   "source": [
    "## Extend Generic Likelihood Model"
   ]
  },
  {
   "cell_type": "code",
   "execution_count": 1321,
   "id": "8a77353f-b154-45db-b10d-7135652f01ba",
   "metadata": {},
   "outputs": [],
   "source": [
    "eps = 0. #to fix log(0) error\n",
    "def _ll_latentnorm(y, X, beta, alph):\n",
    "    mu = (np.dot(X, beta)) # Should we exponentiate this??\n",
    "    sigma = np.exp(np.dot(X, alph))\n",
    "    Phi_bar = stats.norm(mu, sigma).cdf(np.log1p(y))\n",
    "    Phi_underbar = stats.norm(mu, sigma).cdf(np.log(y))\n",
    "    ll = np.log(Phi_bar - Phi_underbar + eps)\n",
    "    #print(Phi_bar - Phi_underbar)\n",
    "    return ll\n",
    "\n",
    "def _gradutils(y, X, beta, alph):\n",
    "    mu = (np.dot(X, beta)) # Should we exponentiate this??\n",
    "    sigma = np.exp(np.dot(X, alph))\n",
    "\n",
    "    z_bar = (np.log1p(y) - mu) / sigma \n",
    "    z_underbar = (np.log(y) - mu) / sigma\n",
    "\n",
    "    Phi_bar = stats.norm.cdf(z_bar)\n",
    "    Phi_underbar = stats.norm.cdf(z_underbar)\n",
    "    Phi  = Phi_bar - Phi_underbar + eps #small tolerance to fix div/zero error\n",
    "\n",
    "    phi_bar = stats.norm.pdf(z_bar)\n",
    "    phi_underbar = stats.norm.pdf(z_underbar)\n",
    "    phi = phi_bar - phi_underbar + eps #small tolerance\n",
    "    \n",
    "    kappa_0 = phi / Phi\n",
    "    kappa_1 = (z_bar * phi_bar - z_underbar * phi_underbar) / Phi\n",
    "    kappa_2 = (z_bar**2 * phi_bar - z_underbar**2 * phi_underbar) / Phi\n",
    "    kappa_3 = (z_bar**3 * phi_bar - z_underbar**3 * phi_underbar) / Phi\n",
    "    \n",
    "    return kappa_0, kappa_1, kappa_2, kappa_3, mu, sigma\n",
    "    \n",
    "def _vec_matrix_multiply(a, B):\n",
    "    return np.apply_along_axis(lambda x: x * a, 0, B)"
   ]
  },
  {
   "cell_type": "code",
   "execution_count": 1322,
   "id": "610c86ae-73a3-44b8-8464-213ecdd8db55",
   "metadata": {},
   "outputs": [],
   "source": [
    "class MyLatentNormal(GenericLikelihoodModel):\n",
    "    def __init__(self, endog, exog, **kwds):\n",
    "        super(MyLatentNormal, self).__init__(endog, exog, **kwds)\n",
    "        self.nparams = 22\n",
    "        \n",
    "    def nloglikeobs(self, params):\n",
    "        exog = self.exog\n",
    "        endog = self.endog\n",
    "        beta = params[:11] #first 11 are for mu\n",
    "        alph = params[11:] #last 11 are for sigma\n",
    "        ll = _ll_latentnorm(endog, exog, beta, alph)\n",
    "        params_alt = params.copy()\n",
    "        params_alt[0] = 0.\n",
    "#         params_alt[11] = 0.\n",
    "        return -ll - self.penalty*np.sum(params_alt**2)/self.endog.size\n",
    "    \n",
    "    def score(self, params):\n",
    "        y = self.endog\n",
    "        X = self.exog\n",
    "        beta = params[:11] #first 11 are for mu\n",
    "        alph = params[11:] #last 11 are for sigma\n",
    "        \n",
    "        kappa_0, kappa_1, kappa_2, kappa_3, mu, sigma = _gradutils(y, X, beta, alph)\n",
    "        \n",
    "        beta_alt = beta.copy()\n",
    "        beta_alt[0] = 0\n",
    "        alph_alt = alph.copy()\n",
    "#         alph_alt[0] = 0.\n",
    "        \n",
    "        grad_beta = -(kappa_0 / sigma) @ X - penalty*2 * beta_alt\n",
    "        grad_alph = -kappa_1 @ X - self.penalty*2 * alph_alt\n",
    "        \n",
    "        return np.append(grad_beta, grad_alph)\n",
    "    \n",
    "    def hessian(self, params):\n",
    "        y = self.endog\n",
    "        X = self.exog\n",
    "        beta = params[:11] #first 11 are for mu\n",
    "        alph = params[11:] #last 11 are for sigma\n",
    "        \n",
    "        kappa_0, kappa_1, kappa_2, kappa_3, mu, sigma = _gradutils(y, X, beta, alph)\n",
    "        \n",
    "        #xx = np.einsum('ij,ij-> i', X, X) # row-wise dot product?\n",
    "        k_beta = (kappa_0**2 + kappa_1) / sigma**2\n",
    "        k_alph = kappa_1 * (kappa_1 - 1) + kappa_3\n",
    "        k_beta_alph = (kappa_2 + kappa_0*(kappa_1 - 1)) / sigma\n",
    "        H_beta = np.zeros([11, 11])\n",
    "        H_alph = np.zeros([11, 11])\n",
    "        H_beta_alph = np.zeros([11, 11])\n",
    "                  \n",
    "        for i in range(X.shape[0]):\n",
    "            x = X[i]\n",
    "            xxT = np.outer(x, x)\n",
    "            H_beta -= k_beta[i] * xxT\n",
    "            H_alph -= k_alph[i] * xxT\n",
    "            H_beta_alph -= k_beta_alph[i] * xxT\n",
    "        \n",
    "        H_all = np.block([[H_beta, H_beta_alph], [H_beta_alph.T, H_alph]]) # 22 x 22\n",
    "        penalty_matrix = self.penalty*2 * np.eye(22)\n",
    "        penalty_matrix[0, 0] = 0.\n",
    "#         penalty_matrix[11, 11] = 0.\n",
    "\n",
    "        return H_all - penalty_matrix\n",
    "    \n",
    "    def predict(self, params, exog=None, n=1000):\n",
    "        if exog is None:\n",
    "            X = self.exog\n",
    "        beta = params[:11] #first 11 are for mu\n",
    "        alph = params[11:] #last 11 are for sigma\n",
    "        mu = (np.dot(X, beta))\n",
    "        sigma = np.exp(np.dot(X, alph))\n",
    "        Z = stats.norm(mu,sigma).rvs(size = (n, self.endog.size)) # n random realizations. Could find closed form..\n",
    "        Y_hat = np.floor(np.exp(Z)).mean(axis=0)\n",
    "        return Y_hat\n",
    "    \n",
    "    def mse(self):\n",
    "        r = self.endog - self.predict()\n",
    "        return np.mean(r**2)\n",
    "        \n",
    "    \n",
    "    def fit(self, start_params=None, maxiter=10000, maxfun=5000, penalty=0., **kwds):\n",
    "        self.penalty = penalty\n",
    "        #print(self.penalty)\n",
    "        if start_params is None:\n",
    "            # Reasonable starting values\n",
    "            start_params = np.zeros(self.nparams)\n",
    "            start_params[0] = np.log(np.mean(self.endog)) # beta\n",
    "        return super(MyLatentNormal, self).fit(start_params=start_params,\n",
    "                                     maxiter=maxiter, maxfun=maxfun,\n",
    "                                     **kwds)\n",
    "    \n",
    "\n",
    "def fittedmean(res):\n",
    "    return pd.Series(res.exog @ res.params[:11])\n",
    "\n",
    "def fittedvar(res):\n",
    "    return pd.Series(np.exp(res.exog @ res.params[11:]))\n",
    "\n",
    "def mse(res, y):\n",
    "    r = y - res.predict()\n",
    "    return np.mean(r**2)"
   ]
  },
  {
   "cell_type": "code",
   "execution_count": 1305,
   "id": "c6f973da-0a98-4140-8646-cb61670ac396",
   "metadata": {},
   "outputs": [],
   "source": [
    "names = list(data.x_df)\n",
    "names_alpha = [s + \"_alpha\" for s in names]"
   ]
  },
  {
   "cell_type": "code",
   "execution_count": 1351,
   "id": "97fe20d4-dda8-4612-9b89-d2734d05e061",
   "metadata": {},
   "outputs": [
    {
     "name": "stdout",
     "output_type": "stream",
     "text": [
      "Optimization terminated successfully.\n",
      "         Current function value: 5.929070\n",
      "         Iterations: 24\n",
      "         Function evaluations: 26\n",
      "         Gradient evaluations: 26\n",
      "                            MyLatentNormal Results                            \n",
      "==============================================================================\n",
      "Dep. Variable:                      y   Log-Likelihood:                -6492.3\n",
      "Model:                 MyLatentNormal   AIC:                         1.301e+04\n",
      "Method:            Maximum Likelihood   BIC:                         1.306e+04\n",
      "Date:                Sun, 03 Apr 2022                                         \n",
      "Time:                        22:28:09                                         \n",
      "No. Observations:                1095                                         \n",
      "Df Residuals:                    1084                                         \n",
      "Df Model:                          10                                         \n",
      "==================================================================================================\n",
      "                                     coef    std err          z      P>|z|      [0.025      0.975]\n",
      "--------------------------------------------------------------------------------------------------\n",
      "intercept                          5.0204      0.030    169.241      0.000       4.962       5.079\n",
      "days_since_start                   0.3905      0.015     25.578      0.000       0.361       0.420\n",
      "days_since_start_squared          -0.1704      0.015    -11.599      0.000      -0.199      -0.142\n",
      "day_of_week_1                      0.2741      0.048      5.760      0.000       0.181       0.367\n",
      "day_of_week_2                      0.3753      0.050      7.447      0.000       0.277       0.474\n",
      "day_of_week_3                      0.3567      0.051      7.011      0.000       0.257       0.456\n",
      "day_of_week_4                      0.3881      0.051      7.592      0.000       0.288       0.488\n",
      "day_of_week_5                      0.2611      0.045      5.856      0.000       0.174       0.348\n",
      "day_of_week_6                      0.0320      0.042      0.763      0.445      -0.050       0.114\n",
      "seasonality_cos                    0.2060      0.019     10.639      0.000       0.168       0.244\n",
      "seasonality_sin                   -0.1011      0.020     -5.031      0.000      -0.140      -0.062\n",
      "intercept_alpha                   -0.9701      0.057    -17.008      0.000      -1.082      -0.858\n",
      "days_since_start_alpha            -0.2022      0.022     -9.005      0.000      -0.246      -0.158\n",
      "days_since_start_squared_alpha    -0.0025      0.022     -0.115      0.908      -0.046       0.040\n",
      "day_of_week_1_alpha                0.2549      0.081      3.155      0.002       0.097       0.413\n",
      "day_of_week_2_alpha                0.3433      0.081      4.255      0.000       0.185       0.501\n",
      "day_of_week_3_alpha                0.3660      0.080      4.552      0.000       0.208       0.524\n",
      "day_of_week_4_alpha                0.3739      0.080      4.653      0.000       0.216       0.531\n",
      "day_of_week_5_alpha                0.1511      0.081      1.870      0.061      -0.007       0.310\n",
      "day_of_week_6_alpha                0.0307      0.081      0.378      0.705      -0.128       0.190\n",
      "seasonality_cos_alpha              0.1374      0.031      4.480      0.000       0.077       0.197\n",
      "seasonality_sin_alpha             -0.0405      0.032     -1.261      0.207      -0.104       0.022\n",
      "==================================================================================================\n",
      "True Beta: [ 5.    0.4  -0.17  0.33  0.36  0.4   0.39  0.26  0.07  0.2  -0.1 ]\n",
      "True Alpha: [-1.   -0.2  -0.03  0.33  0.36  0.4   0.39  0.26  0.07  0.16 -0.05]\n"
     ]
    }
   ],
   "source": [
    "np.seterr(divide = 'warn')\n",
    "np.seterr(invalid= 'warn')\n",
    "\n",
    "start_params = 0.001 * np.ones(22)\n",
    "start_params[:11] = pois_res.params[:11]\n",
    "mod = MyLatentNormal(data.y, data.x_df, extra_params_names=names_alpha)\n",
    "\n",
    "mod_res = mod.fit(method = \"bfgs\", start_params = start_params, maxiter=100, penalty=1e-4)\n",
    "print(mod_res.summary())\n",
    "print(f\"True Beta: {data.beta}\")\n",
    "print(f\"True Alpha: {data.alpha}\")"
   ]
  },
  {
   "cell_type": "code",
   "execution_count": 1344,
   "id": "bfac1ee5-9937-4c79-997f-f65d4de0eea3",
   "metadata": {},
   "outputs": [
    {
     "data": {
      "text/plain": [
       "{'fopt': 5.929069998605852,\n",
       " 'gopt': array([-3.59773069e-06, -1.97211764e-06,  6.38470869e-06,  1.21454442e-06,\n",
       "         7.70732967e-06, -9.15378514e-06, -7.79054606e-07,  1.69549368e-06,\n",
       "         1.79409505e-06,  9.71402406e-07, -4.46631943e-07, -9.07338561e-07,\n",
       "        -2.72059224e-06, -8.61564524e-09, -8.59711676e-08, -3.34557194e-07,\n",
       "        -1.03728790e-06, -2.08250008e-06,  1.76860102e-06, -2.25983371e-08,\n",
       "         4.85804689e-07,  2.29868017e-06]),\n",
       " 'Hinv': array([[ 9.02319705e-01, -1.06448689e-01,  1.24047322e-02,\n",
       "         -8.93790604e-01, -8.06042376e-01, -8.93762675e-01,\n",
       "         -8.65057866e-01, -8.40626498e-01, -8.39056223e-01,\n",
       "          3.81087942e-02, -1.73249245e-02,  9.89804327e-02,\n",
       "         -5.84544855e-02, -1.31793800e-02, -8.53770408e-02,\n",
       "         -1.04647004e-01, -1.09478540e-01, -1.08481131e-01,\n",
       "         -6.40734689e-02, -6.65915933e-02,  8.82371066e-05,\n",
       "          7.88685204e-02],\n",
       "        [-1.06448689e-01,  2.61685305e-01, -6.37865121e-02,\n",
       "          7.60718215e-03,  1.44711991e-02,  3.92968122e-03,\n",
       "          7.79880276e-03,  1.62583952e-02,  3.61074387e-02,\n",
       "         -2.25850187e-03,  5.11523985e-02, -1.02227331e-01,\n",
       "         -9.82104637e-03,  1.96832269e-02,  7.79328025e-02,\n",
       "          9.62942963e-02,  9.09137705e-02,  9.31258157e-02,\n",
       "          8.98235500e-02,  1.43214877e-01, -1.48910367e-02,\n",
       "         -4.27936271e-03],\n",
       "        [ 1.24047322e-02, -6.37865121e-02,  2.35087823e-01,\n",
       "          1.63663576e-03, -1.93438941e-02, -1.55191880e-02,\n",
       "         -1.53184649e-02, -6.67013358e-03, -2.34542296e-02,\n",
       "         -3.71221422e-02,  3.71303938e-02, -7.27381819e-04,\n",
       "          3.78205981e-02,  1.22385528e-02,  5.90834596e-03,\n",
       "          2.61450726e-02,  4.20725375e-02,  4.60970544e-02,\n",
       "         -1.49033812e-02,  1.71987245e-02,  4.23959995e-02,\n",
       "         -1.41118593e-02],\n",
       "        [-8.93790604e-01,  7.60718215e-03,  1.63663576e-03,\n",
       "          2.20103798e+00,  6.68979235e-01,  1.05669217e+00,\n",
       "          9.23532340e-01,  9.60340432e-01,  9.06062860e-01,\n",
       "          2.94751209e-02,  9.47362111e-03, -1.53703887e-02,\n",
       "          2.52171522e-02, -4.95145123e-03,  5.17250732e-02,\n",
       "          4.56160484e-02,  7.65579349e-03,  1.68661193e-03,\n",
       "          8.49802996e-02, -3.58998447e-02,  8.36340040e-04,\n",
       "         -2.03470146e-01],\n",
       "        [-8.06042376e-01,  1.44711991e-02, -1.93438941e-02,\n",
       "          6.68979235e-01,  2.23302129e+00,  9.59677382e-01,\n",
       "          1.05900468e+00,  8.09283769e-01,  7.84799832e-01,\n",
       "          2.35274021e-02,  4.10990124e-02, -4.57793533e-02,\n",
       "          1.20147994e-01,  2.66754712e-02,  5.96806499e-02,\n",
       "          1.02278458e-01,  1.23789843e-01,  1.24860434e-01,\n",
       "         -1.62241926e-02,  3.88598316e-02, -5.71490720e-02,\n",
       "          9.45851151e-02],\n",
       "        [-8.93762675e-01,  3.92968122e-03, -1.55191880e-02,\n",
       "          1.05669217e+00,  9.59677382e-01,  2.10791876e+00,\n",
       "          1.05532396e+00,  9.60298027e-01,  9.07464647e-01,\n",
       "          1.85063176e-02,  1.08776183e-02, -4.34056199e-02,\n",
       "          6.47385388e-02,  8.73935314e-03,  7.21916179e-02,\n",
       "          1.24036236e-01,  1.38142306e-01,  1.39303144e-01,\n",
       "          1.08271301e-02, -5.65090168e-03, -2.89910409e-02,\n",
       "         -9.03860171e-02],\n",
       "        [-8.65057866e-01,  7.79880276e-03, -1.53184649e-02,\n",
       "          9.23532340e-01,  1.05900468e+00,  1.05532396e+00,\n",
       "          2.05834560e+00,  9.10885322e-01,  8.70624555e-01,\n",
       "          2.13750917e-02,  2.40486798e-02, -4.43736564e-02,\n",
       "          8.10279499e-02,  1.67819699e-02,  7.29617860e-02,\n",
       "          1.15403975e-01,  1.23242155e-01,  1.23195085e-01,\n",
       "          1.51913921e-02, -3.76148913e-04, -3.68414467e-02,\n",
       "         -2.55504138e-02],\n",
       "        [-8.40626498e-01,  1.62583952e-02, -6.67013358e-03,\n",
       "          9.60340432e-01,  8.09283769e-01,  9.60298027e-01,\n",
       "          9.10885322e-01,  1.85499720e+00,  8.15058446e-01,\n",
       "          2.36185058e-02,  1.20530887e-02, -3.39819064e-02,\n",
       "          5.71917622e-02,  8.84402058e-04,  4.52736772e-02,\n",
       "          5.39568592e-02,  4.41391803e-02,  4.16185389e-02,\n",
       "          4.42148242e-02,  2.60770369e-02, -1.49455026e-02,\n",
       "         -9.67869514e-02],\n",
       "        [-8.39056223e-01,  3.61074387e-02, -2.34542296e-02,\n",
       "          9.06062860e-01,  7.84799832e-01,  9.07464647e-01,\n",
       "          8.70624555e-01,  8.15058446e-01,  1.78661328e+00,\n",
       "          1.64205628e-02,  7.19341413e-03, -4.30853127e-02,\n",
       "          8.53299478e-02,  2.43008654e-02,  2.20184320e-02,\n",
       "          4.23790204e-02,  4.39619462e-02,  4.44375786e-02,\n",
       "          7.82177903e-03,  2.00070260e-02,  2.80405036e-03,\n",
       "         -1.00141476e-01],\n",
       "        [ 3.81087942e-02, -2.25850187e-03, -3.71221422e-02,\n",
       "          2.94751209e-02,  2.35274021e-02,  1.85063176e-02,\n",
       "          2.13750917e-02,  2.36185058e-02,  1.64205628e-02,\n",
       "          4.23784438e-01, -1.13912517e-02,  3.56476727e-02,\n",
       "          2.00686029e-02,  4.10484857e-02, -4.97749787e-02,\n",
       "         -6.46799133e-02, -4.08832591e-02, -4.23497375e-02,\n",
       "         -6.65185090e-02,  3.25599631e-02, -1.72306814e-02,\n",
       "         -3.61562107e-02],\n",
       "        [-1.73249245e-02,  5.11523985e-02,  3.71303938e-02,\n",
       "          9.47362111e-03,  4.10990124e-02,  1.08776183e-02,\n",
       "          2.40486798e-02,  1.20530887e-02,  7.19341413e-03,\n",
       "         -1.13912517e-02,  4.13071241e-01,  6.81873359e-02,\n",
       "         -1.36777068e-02, -9.95435017e-03, -1.10558484e-01,\n",
       "         -2.78932932e-02, -2.60751855e-02, -1.57742273e-02,\n",
       "         -1.33154844e-01, -8.86365158e-02, -3.02246467e-02,\n",
       "          4.55549658e-03],\n",
       "        [ 9.89804327e-02, -1.02227331e-01, -7.27381819e-04,\n",
       "         -1.53703887e-02, -4.57793533e-02, -4.34056199e-02,\n",
       "         -4.43736564e-02, -3.39819064e-02, -4.30853127e-02,\n",
       "          3.56476727e-02,  6.81873359e-02,  3.71674579e+00,\n",
       "          8.00065323e-02, -5.18793120e-02, -3.68445922e+00,\n",
       "         -3.65059643e+00, -3.63482055e+00, -3.63545736e+00,\n",
       "         -3.70705144e+00, -3.69300158e+00,  5.72663662e-02,\n",
       "         -3.65321936e-02],\n",
       "        [-5.84544855e-02, -9.82104637e-03,  3.78205981e-02,\n",
       "          2.52171522e-02,  1.20147994e-01,  6.47385388e-02,\n",
       "          8.10279499e-02,  5.71917622e-02,  8.53299478e-02,\n",
       "          2.00686029e-02, -1.36777068e-02,  8.00065323e-02,\n",
       "          5.59610813e-01,  9.60122857e-03, -7.58886229e-02,\n",
       "         -8.42242413e-02, -8.31055918e-02, -8.47806169e-02,\n",
       "         -6.79219618e-02,  1.81760852e-02,  6.31910982e-02,\n",
       "          1.59883880e-01],\n",
       "        [-1.31793800e-02,  1.96832269e-02,  1.22385528e-02,\n",
       "         -4.95145123e-03,  2.66754712e-02,  8.73935314e-03,\n",
       "          1.67819699e-02,  8.84402058e-04,  2.43008654e-02,\n",
       "          4.10484857e-02, -9.95435017e-03, -5.18793120e-02,\n",
       "          9.60122857e-03,  5.70026436e-01,  5.67953740e-02,\n",
       "          6.49103599e-02,  7.90683478e-02,  7.40081607e-02,\n",
       "          4.04105903e-02,  2.10088364e-02, -4.42598425e-02,\n",
       "          1.77596637e-02],\n",
       "        [-8.53770408e-02,  7.79328025e-02,  5.90834596e-03,\n",
       "          5.17250732e-02,  5.96806499e-02,  7.21916179e-02,\n",
       "          7.29617860e-02,  4.52736772e-02,  2.20184320e-02,\n",
       "         -4.97749787e-02, -1.10558484e-01, -3.68445922e+00,\n",
       "         -7.58886229e-02,  5.67953740e-02,  5.32354318e+00,\n",
       "          4.12259380e+00,  3.80077811e+00,  3.76078567e+00,\n",
       "          4.57462510e+00,  3.54731271e+00, -9.62195056e-02,\n",
       "         -2.84251860e-02],\n",
       "        [-1.04647004e-01,  9.62942963e-02,  2.61450726e-02,\n",
       "          4.56160484e-02,  1.02278458e-01,  1.24036236e-01,\n",
       "          1.15403975e-01,  5.39568592e-02,  4.23790204e-02,\n",
       "         -6.46799133e-02, -2.78932932e-02, -3.65059643e+00,\n",
       "         -8.42242413e-02,  6.49103599e-02,  4.12259380e+00,\n",
       "          5.18546160e+00,  4.09630440e+00,  4.09142524e+00,\n",
       "          4.00917906e+00,  3.33095993e+00, -4.87042287e-02,\n",
       "         -2.21306936e-02],\n",
       "        [-1.09478540e-01,  9.09137705e-02,  4.20725375e-02,\n",
       "          7.65579349e-03,  1.23789843e-01,  1.38142306e-01,\n",
       "          1.23242155e-01,  4.41391803e-02,  4.39619462e-02,\n",
       "         -4.08832591e-02, -2.60751855e-02, -3.63482055e+00,\n",
       "         -8.31055918e-02,  7.90683478e-02,  3.80077811e+00,\n",
       "          4.09630440e+00,  5.34711941e+00,  4.39029471e+00,\n",
       "          3.37104221e+00,  3.68841094e+00, -6.66231238e-03,\n",
       "          3.26747597e-02],\n",
       "        [-1.08481131e-01,  9.31258157e-02,  4.60970544e-02,\n",
       "          1.68661193e-03,  1.24860434e-01,  1.39303144e-01,\n",
       "          1.23195085e-01,  4.16185389e-02,  4.44375786e-02,\n",
       "         -4.23497375e-02, -1.57742273e-02, -3.63545736e+00,\n",
       "         -8.47806169e-02,  7.40081607e-02,  3.76078567e+00,\n",
       "          4.09142524e+00,  4.39029471e+00,  5.44006234e+00,\n",
       "          3.28165629e+00,  3.72700039e+00,  5.07327577e-04,\n",
       "          3.90119606e-02],\n",
       "        [-6.40734689e-02,  8.98235500e-02, -1.49033812e-02,\n",
       "          8.49802996e-02, -1.62241926e-02,  1.08271301e-02,\n",
       "          1.51913921e-02,  4.42148242e-02,  7.82177903e-03,\n",
       "         -6.65185090e-02, -1.33154844e-01, -3.70705144e+00,\n",
       "         -6.79219618e-02,  4.04105903e-02,  4.57462510e+00,\n",
       "          4.00917906e+00,  3.37104221e+00,  3.28165629e+00,\n",
       "          6.31330828e+00,  3.77437166e+00, -1.47395853e-01,\n",
       "         -5.44579961e-02],\n",
       "        [-6.65915933e-02,  1.43214877e-01,  1.71987245e-02,\n",
       "         -3.58998447e-02,  3.88598316e-02, -5.65090168e-03,\n",
       "         -3.76148913e-04,  2.60770369e-02,  2.00070260e-02,\n",
       "          3.25599631e-02, -8.86365158e-02, -3.69300158e+00,\n",
       "          1.81760852e-02,  2.10088364e-02,  3.54731271e+00,\n",
       "          3.33095993e+00,  3.68841094e+00,  3.72700039e+00,\n",
       "          3.77437166e+00,  7.02859393e+00, -6.59523794e-02,\n",
       "          1.78179626e-01],\n",
       "        [ 8.82371066e-05, -1.48910367e-02,  4.23959995e-02,\n",
       "          8.36340040e-04, -5.71490720e-02, -2.89910409e-02,\n",
       "         -3.68414467e-02, -1.49455026e-02,  2.80405036e-03,\n",
       "         -1.72306814e-02, -3.02246467e-02,  5.72663662e-02,\n",
       "          6.31910982e-02, -4.42598425e-02, -9.62195056e-02,\n",
       "         -4.87042287e-02, -6.66231238e-03,  5.07327577e-04,\n",
       "         -1.47395853e-01, -6.59523794e-02,  1.00945230e+00,\n",
       "         -4.48316214e-02],\n",
       "        [ 7.88685204e-02, -4.27936271e-03, -1.41118593e-02,\n",
       "         -2.03470146e-01,  9.45851151e-02, -9.03860171e-02,\n",
       "         -2.55504138e-02, -9.67869514e-02, -1.00141476e-01,\n",
       "         -3.61562107e-02,  4.55549658e-03, -3.65321936e-02,\n",
       "          1.59883880e-01,  1.77596637e-02, -2.84251860e-02,\n",
       "         -2.21306936e-02,  3.26747597e-02,  3.90119606e-02,\n",
       "         -5.44579961e-02,  1.78179626e-01, -4.48316214e-02,\n",
       "          1.06239109e+00]]),\n",
       " 'fcalls': 26,\n",
       " 'gcalls': 26,\n",
       " 'warnflag': 0,\n",
       " 'converged': True}"
      ]
     },
     "execution_count": 1344,
     "metadata": {},
     "output_type": "execute_result"
    }
   ],
   "source": [
    "mod_res.mle_retvals"
   ]
  },
  {
   "cell_type": "code",
   "execution_count": 1345,
   "id": "14335d41-a52f-47bd-b139-3361479183b1",
   "metadata": {},
   "outputs": [
    {
     "data": {
